2400 0 22 0           
21 my application ver1.0 14 ACIS 24.0.1 NT 24 Tue Dec 06 11:46:26 2016 
1 9.9999999999999995e-007 1e-010 
body $-1 -1 -1 $-1 $22 $-1 $-1 F #
body $-1 -1 -1 $-1 $23 $-1 $-1 F #
body $-1 -1 -1 $-1 $24 $-1 $25 F #
body $-1 -1 -1 $-1 $26 $-1 $27 F #
body $-1 -1 -1 $-1 $28 $-1 $29 F #
body $-1 -1 -1 $-1 $30 $-1 $31 F #
body $-1 -1 -1 $-1 $32 $-1 $33 F #
body $-1 -1 -1 $-1 $34 $-1 $35 F #
body $-1 -1 -1 $-1 $36 $-1 $37 F #
body $-1 -1 -1 $-1 $38 $-1 $39 F #
body $-1 -1 -1 $-1 $40 $-1 $41 F #
body $-1 -1 -1 $-1 $42 $-1 $43 F #
body $-1 -1 -1 $-1 $44 $-1 $45 F #
body $-1 -1 -1 $-1 $46 $-1 $47 F #
body $-1 -1 -1 $-1 $48 $-1 $49 F #
body $-1 -1 -1 $-1 $50 $-1 $51 F #
body $-1 -1 -1 $-1 $52 $-1 $53 F #
body $-1 -1 -1 $-1 $54 $-1 $55 F #
body $-1 -1 -1 $-1 $56 $-1 $57 F #
body $-1 -1 -1 $-1 $58 $-1 $59 F #
body $-1 -1 -1 $-1 $60 $-1 $61 F #
body $-1 -1 -1 $-1 $62 $-1 $63 F #
lump $-1 -1 -1 $-1 $-1 $64 $0 F #
lump $-1 -1 -1 $-1 $-1 $65 $1 F #
lump $-1 -1 -1 $-1 $-1 $66 $2 F #
transform $-1 -1 0.054164120584930489 -0.20987547065987783 -0.97622668210644392 1.5033563445490808e-018 -0.97766184415710644 0.21018401099828166 -0.99853204657700456 -0.011384432116735286 -0.052954194018211033 49.291880495456482 2.0563603740934298 3.9714032283649576 1 rotate no_reflect no_shear #
lump $-1 -1 -1 $-1 $-1 $67 $3 F #
transform $-1 -1 0.12384843735176417 -0.92804600899142509 -0.35127221603852155 0 -0.35399759177603263 0.93524633386972933 -0.99230114610713116 -0.11582879698873229 -0.043842048567749363 48.787712600004696 7.741079552323324 0.72142725239339023 1 rotate no_reflect no_shear #
lump $-1 -1 -1 $-1 $-1 $68 $4 F #
transform $-1 -1 0.21597198738883991 -0.96179877680799442 -0.16822370104702988 5.9944268268286002e-018 -0.17228981653400485 0.98504630303284679 -0.97639955994629302 -0.21274240773603337 -0.037209774083707632 47.706025497336668 13.036861241966728 -2.8717948539676934 1 rotate no_reflect no_shear #
lump $-1 -1 -1 $-1 $-1 $69 $5 F #
transform $-1 -1 0.30490748060250794 -0.94716098419789863 -0.099586637084998819 -4.2314413168169077e-018 -0.10456585654823662 0.99451796446536533 -0.95238197603305752 -0.30323596695906907 -0.03188291187716609 46.142633605639048 17.897406572713244 -6.8607635168520602 1 rotate no_reflect no_shear #
lump $-1 -1 -1 $-1 $-1 $70 $6 F #
transform $-1 -1 0.38809596721329626 -0.91896844429465807 -0.069846393059569287 0 -0.075786627190515779 0.99712405804848858 -0.92161896694500378 -0.38697982573997514 -0.029412484381336718 44.405766287205992 22.274643089348068 -11.268337898667859 1 rotate no_reflect no_shear #
lump $-1 -1 -1 $-1 $-1 $71 $7 F #
transform $-1 -1 0.46193718368616032 -0.88553338457521535 -0.049443534773134019 -3.2053331078679715e-018 -0.055747919595065532 0.99844487552434369 -0.88691264413588011 -0.46121881386559421 -0.025752036974107086 42.701838824435342 26.346593137704623 -15.989832793258405 1 rotate no_reflect no_shear #
lump $-1 -1 -1 $-1 $-1 $72 $8 F #
transform $-1 -1 0.52120066833184575 -0.84236030034317366 -0.13703644674390633 -1.4466224560800871e-017 -0.1605706138406294 0.98702435530783306 -0.85343415875534134 -0.51443775364625177 -0.083689511248190782 41.711290700275974 29.875197028636467 -21.086869241146985 1 rotate no_reflect no_shear #
lump $-1 -1 -1 $-1 $-1 $73 $9 F #
transform $-1 -1 0.58302154259458217 -0.76474522252797239 -0.27431847457157471 -3.2364197022049077e-017 -0.33764073376301035 0.94127505804837719 -0.81245669476633253 -0.54878363634916971 -0.19685182144127694 41.715886717960565 33.172946700421477 -26.067021141321565 1 rotate no_reflect no_shear #
lump $-1 -1 -1 $-1 $-1 $74 $10 F #
transform $-1 -1 0.65047383232396849 -0.66200625173783822 -0.3723325343315943 0 -0.49021524970173103 0.87160140486340987 -0.75952866533250074 -0.56695390608045704 -0.31887219213713613 42.308600891025321 36.79248161357107 -30.620751625166225 1 rotate no_reflect no_shear #
lump $-1 -1 -1 $-1 $-1 $75 $11 F #
transform $-1 -1 0.71792773119110165 -0.55226541052011835 -0.42377197775436121 -3.9852994859263061e-017 -0.60876488631398806 0.79335068739562919 -0.69611764292165279 -0.56956845904084497 -0.43704919366021039 43.214910148603167 40.778838855638391 -34.665572850807237 1 rotate no_reflect no_shear #
lump $-1 -1 -1 $-1 $-1 $76 $12 F #
transform $-1 -1 0.77837260843402423 -0.45260122050626089 -0.43507265788125127 0 -0.69300871021230581 0.72092921120584119 -0.62780258237730535 -0.56115155062257416 -0.5394189974354513 44.277572588012042 45.204425026949494 -38.202024067178009 1 rotate no_reflect no_shear #
lump $-1 -1 -1 $-1 $-1 $77 $13 F #
transform $-1 -1 0.82810857555125916 -0.36921061834638447 -0.42180529441763193 0 -0.7524608838934761 0.65863693960348801 -0.56056773640521329 -0.54542289786048515 -0.6231193107190679 45.430179222609461 50.069111633106751 -41.219438335989288 1 rotate no_reflect no_shear #
lump $-1 -1 -1 $-1 $-1 $78 $14 F #
transform $-1 -1 0.86857094371209898 -0.29746742986577285 -0.39635545146765072 0 -0.7998054247680173 0.60025934604273457 -0.49556484514044546 -0.52136782666434534 -0.69468775257681292 46.631134336990954 55.250975105287367 -43.658243849117831 1 rotate no_reflect no_shear #
lump $-1 -1 -1 $-1 $-1 $79 $15 F #
transform $-1 -1 0.90654989653286222 -0.22080700257390506 -0.35973817244015699 -2.5161814202558425e-017 -0.85226085782244743 0.523117033008624 -0.42209866748931651 -0.47423169214854594 -0.77261699247794813 47.850335711624567 60.49636137607304 -45.234333310057707 1 rotate no_reflect no_shear #
lump $-1 -1 -1 $-1 $-1 $80 $16 F #
transform $-1 -1 0.94248997730851158 -0.14124746293838339 -0.30292209705875117 2.6159351832158772e-017 -0.90631630225429538 0.42260000031720379 -0.33423441275996918 -0.39829626470953838 -0.85419403114598502 48.88539004736564 65.603538425313133 -45.876336126701759 1 rotate no_reflect no_shear #
lump $-1 -1 -1 $-1 $-1 $81 $17 F #
transform $-1 -1 0.97205298543718766 -0.070923632569966422 -0.22379193874161496 1.3489945069849847e-017 -0.95327332012563071 0.3021092139221454 -0.23476156734578668 -0.2936661633211034 -0.92663217676573928 49.529334887096496 70.412983576087896 -45.745435269063393 1 rotate no_reflect no_shear #
lump $-1 -1 -1 $-1 $-1 $82 $18 F #
transform $-1 -1 0.99000043605854704 -0.026779903327067815 -0.13849900137430338 3.4347539953160749e-018 -0.9818146889667142 0.18984181975843514 -0.14106429953707772 -0.18794348434299887 -0.97199697020573383 49.802955267927715 75.224875611933669 -45.182421248048456 1 rotate no_reflect no_shear #
lump $-1 -1 -1 $-1 $-1 $83 $19 F #
transform $-1 -1 0.9932603733558838 -0.025792142201406083 -0.11299821291327074 0 -0.97492597024956873 0.22252944194631191 -0.11590440337161664 -0.22102967659027023 -0.9683553332044339 50.318594944682467 82.079075764486078 -45.246092724802082 1 rotate no_reflect no_shear #
lump $-1 -1 -1 $-1 $-1 $84 $20 F #
transform $-1 -1 0.99368169072358958 -0.026520375333632079 -0.10905671557896601 0 -0.97168178947160089 0.2362932500289997 -0.11223501022723796 -0.23480027619538832 -0.96554240340746345 50.796574816831296 88.757352097615154 -45.296330519487938 1 rotate no_reflect no_shear #
lump $-1 -1 -1 $-1 $-1 $85 $21 F #
transform $-1 -1 0.99417279960980043 -0.017607860432687476 -0.10635040087839184 0 -0.98656967160762343 0.1633410023969063 -0.10779816564307414 -0.16238918164400346 -0.98082073243227241 51.07606590785884 94.010180224273 -44.933640429083866 1 rotate no_reflect no_shear #
shell $-1 -1 -1 $-1 $-1 $-1 $86 $-1 $22 F #
shell $-1 -1 -1 $-1 $-1 $-1 $87 $-1 $23 F #
shell $-1 -1 -1 $-1 $-1 $-1 $88 $-1 $24 F #
shell $-1 -1 -1 $-1 $-1 $-1 $89 $-1 $26 F #
shell $-1 -1 -1 $-1 $-1 $-1 $90 $-1 $28 F #
shell $-1 -1 -1 $-1 $-1 $-1 $91 $-1 $30 F #
shell $-1 -1 -1 $-1 $-1 $-1 $92 $-1 $32 F #
shell $-1 -1 -1 $-1 $-1 $-1 $93 $-1 $34 F #
shell $-1 -1 -1 $-1 $-1 $-1 $94 $-1 $36 F #
shell $-1 -1 -1 $-1 $-1 $-1 $95 $-1 $38 F #
shell $-1 -1 -1 $-1 $-1 $-1 $96 $-1 $40 F #
shell $-1 -1 -1 $-1 $-1 $-1 $97 $-1 $42 F #
shell $-1 -1 -1 $-1 $-1 $-1 $98 $-1 $44 F #
shell $-1 -1 -1 $-1 $-1 $-1 $99 $-1 $46 F #
shell $-1 -1 -1 $-1 $-1 $-1 $100 $-1 $48 F #
shell $-1 -1 -1 $-1 $-1 $-1 $101 $-1 $50 F #
shell $-1 -1 -1 $-1 $-1 $-1 $102 $-1 $52 F #
shell $-1 -1 -1 $-1 $-1 $-1 $103 $-1 $54 F #
shell $-1 -1 -1 $-1 $-1 $-1 $104 $-1 $56 F #
shell $-1 -1 -1 $-1 $-1 $-1 $105 $-1 $58 F #
shell $-1 -1 -1 $-1 $-1 $-1 $106 $-1 $60 F #
shell $-1 -1 -1 $-1 $-1 $-1 $107 $-1 $62 F #
face $-1 -1 -1 $-1 $-1 $108 $64 $-1 $109 forward single F F #
face $-1 -1 -1 $-1 $-1 $110 $65 $-1 $111 forward single T 23.832769393920898 0.1289999932050705 -67.3363037109375 66.5 92.191001892089844 0.27099999785423279 F #
face $-1 -1 -1 $-1 $112 $113 $66 $-1 $114 forward single F F #
face $-1 -1 -1 $-1 $115 $116 $67 $-1 $117 forward single F F #
face $-1 -1 -1 $-1 $118 $119 $68 $-1 $120 forward single F F #
face $-1 -1 -1 $-1 $121 $122 $69 $-1 $123 forward single F F #
face $-1 -1 -1 $-1 $124 $125 $70 $-1 $126 forward single F F #
face $-1 -1 -1 $-1 $127 $128 $71 $-1 $129 forward single F F #
face $-1 -1 -1 $-1 $130 $131 $72 $-1 $132 forward single F F #
face $-1 -1 -1 $-1 $133 $134 $73 $-1 $135 forward single F F #
face $-1 -1 -1 $-1 $136 $137 $74 $-1 $138 forward single F F #
face $-1 -1 -1 $-1 $139 $140 $75 $-1 $141 forward single F F #
face $-1 -1 -1 $-1 $142 $143 $76 $-1 $144 forward single F F #
face $-1 -1 -1 $-1 $145 $146 $77 $-1 $147 forward single F F #
face $-1 -1 -1 $-1 $148 $149 $78 $-1 $150 forward single F F #
face $-1 -1 -1 $-1 $151 $152 $79 $-1 $153 forward single F F #
face $-1 -1 -1 $-1 $154 $155 $80 $-1 $156 forward single F F #
face $-1 -1 -1 $-1 $157 $158 $81 $-1 $159 forward single F F #
face $-1 -1 -1 $-1 $160 $161 $82 $-1 $162 forward single F F #
face $-1 -1 -1 $-1 $163 $164 $83 $-1 $165 forward single F F #
face $-1 -1 -1 $-1 $166 $167 $84 $-1 $168 forward single F F #
face $-1 -1 -1 $-1 $169 $170 $85 $-1 $171 forward single F F #
loop $-1 -1 -1 $-1 $-1 $172 $86 F periphery $109 F #
spline-surface $-1 -1 -1 $-1 forward { rulesur 
	intcurve forward { exactcur full nubs 3 open 28 
	0 3 0.11290091614798541 1 0.1633604059700644 1 0.21049056048192791 1 0.24917437909592902 1 
	0.28662114741865324 1 0.32650116329415496 1 0.37750722378665991 1 0.43521180866709064 1 0.49854781060482772 1 
	0.56610402962875328 1 0.63305504119091849 1 0.69457974882331275 1 0.74736287156020065 1 0.7920522638091253 1 
	0.82954516314896765 1 0.8572927749298872 1 0.87656724835869471 1 0.88944037743692539 1 0.90110058020757966 1 
	0.91276008420949362 1 0.9244176793361456 1 0.93607389617588899 1 0.94772872941558939 1 0.95938292315874196 1 
	0.97103678939536675 1 0.98268971275760475 1 1 3 
	26.975000381469727 -0.1289999932050705 -0.27099999785423279 
	27.016685485839844 1.7645893096923828 -3.0890886783599854 
	26.653202056884766 4.3528032302856445 -7.4188928604125977 
	26.023187637329102 7.4831743240356445 -13.238390922546387 
	25.789518356323242 9.5720462799072266 -17.247018814086914 
	25.595539093017578 11.497550010681152 -20.596952438354492 
	25.864299774169922 13.278023719787598 -25.030069351196289 
	27.002357482910156 15.418219566345215 -31.137893676757813 
	28.937868118286133 18.45488166809082 -37.936573028564453 
	31.846542358398438 22.801700592041016 -45.257392883300781 
	35.368518829345703 28.532461166381836 -52.070068359375 
	38.957721710205078 35.395343780517578 -57.721473693847656 
	42.264450073242188 42.850318908691406 -61.976337432861328 
	45.604930877685547 50.503856658935547 -64.981407165527344 
	48.463550567626953 57.684169769287109 -66.63360595703125 
	50.668075561523438 63.871849060058594 -67.318168640136719 
	52.166000366210937 69.071075439453125 -67.312248229980469 
	53.002304077148438 72.724662780761719 -67.313095092773438 
	53.221595764160156 75.13330078125 -67.312973022460938 
	53.365055084228516 76.888412475585937 -67.313011169433594 
	53.467388153076172 78.338470458984375 -67.313003540039063 
	53.557933807373047 79.742874145507813 -67.313003540039063 
	53.636795043945313 81.146759033203125 -67.313011169433594 
	53.704830169677734 82.550834655761719 -67.313003540039063 
	53.761871337890625 83.955909729003906 -67.312995910644531 
	53.807628631591797 85.360626220703125 -67.313003540039063 
	53.843597412109375 86.767196655273438 -67.313003540039063 
	53.874263763427734 88.400489807128906 -67.313011169433594 
	53.883804321289063 89.56402587890625 -67.312995910644531 
	53.887001037597656 90.261001586914062 -67.313003540039063 
	0 
	null_surface 
	null_surface 
	nullbs 
	nullbs 
	-1 
	-1 
	I I 
	0 
	0 
	26 0.11290091614798541 0.1633604059700644 0.21049056048192791 0.24917437909592902 0.28662114741865324 0.32650116329415496 0.37750722378665991 0.43521180866709064 0.49854781060482772 0.56610402962875328 0.63305504119091849 0.69457974882331275 0.74736287156020065 0.7920522638091253 0.82954516314896765 0.8572927749298872 0.87656724835869471 0.88944037743692539 0.90110058020757966 0.91276008420949362 0.9244176793361456 0.93607389617588899 0.94772872941558939 0.95938292315874196 0.97103678939536675 0.98268971275760475 
	
	-1 
	none F F 1 F 0 } F 0 F 1 
	
	intcurve forward { exactcur full nubs 3 open 28 
	0 3 0.11290091614798541 1 0.1633604059700644 1 0.21049056048192791 1 0.24917437909592902 1 
	0.28662114741865324 1 0.32650116329415496 1 0.37750722378665991 1 0.43521180866709064 1 0.49854781060482772 1 
	0.56610402962875328 1 0.63305504119091849 1 0.69457974882331275 1 0.74736287156020065 1 0.7920522638091253 1 
	0.82954516314896765 1 0.8572927749298872 1 0.87656724835869471 1 0.88944037743692539 1 0.90110058020757966 1 
	0.91276008420949362 1 0.9244176793361456 1 0.93607389617588899 1 0.94772872941558939 1 0.95938292315874196 1 
	0.97103678939536675 1 0.98268971275760475 1 1 3 
	66.5 -0.1289999932050705 -0.27099999785423279 
	66.509529113769531 4.9677391052246094 -2.8423666954040527 
	65.67156982421875 12.096158981323242 -6.7853221893310547 
	63.371883392333984 20.428442001342773 -12.482483863830566 
	61.541110992431641 25.359325408935547 -16.288156509399414 
	59.556507110595703 29.56745719909668 -20.152990341186523 
	58.022129058837891 32.778308868408203 -23.326040267944336 
	56.815910339355469 35.444187164306641 -25.977807998657227 
	55.623695373535156 38.402030944824219 -28.985359191894531 
	54.522930145263672 41.77740478515625 -32.426471710205078 
	53.61279296875 45.759952545166016 -36.398746490478516 
	53.060470581054687 50.477615356445312 -40.729293823242187 
	52.951251983642578 55.731414794921875 -44.775096893310547 
	53.072227478027344 60.590381622314453 -47.754634857177734 
	53.257534027099609 64.938102722167969 -49.877391815185547 
	53.454853057861328 68.881843566894531 -51.380855560302734 
	53.629894256591797 72.120880126953125 -52.324329376220703 
	53.8001708984375 75.081336975097656 -53.005283355712891 
	53.952842712402344 77.412551879882813 -53.428688049316406 
	54.047317504882812 79.129104614257813 -53.707817077636719 
	54.11505126953125 80.549362182617188 -53.935543060302734 
	54.168190002441406 81.919662475585938 -54.1583251953125 
	54.214130401611328 83.290740966796875 -54.384960174560547 
	54.247276306152344 84.662147521972656 -54.611652374267578 
	54.272750854492187 86.032669067382813 -54.840408325195313 
	54.287696838378906 87.404266357421875 -55.066539764404297 
	54.292469024658203 88.773880004882813 -55.295391082763672 
	54.287796020507813 90.366432189941406 -55.558620452880859 
	54.275531768798828 91.503326416015625 -55.746402740478516 
	54.263999938964844 92.180999755859375 -55.860000610351563 
	0 
	null_surface 
	null_surface 
	nullbs 
	nullbs 
	-1 
	-1 
	I I 
	0 
	0 
	26 0.11290091614798541 0.1633604059700644 0.21049056048192791 0.24917437909592902 0.28662114741865324 0.32650116329415496 0.37750722378665991 0.43521180866709064 0.49854781060482772 0.56610402962875328 0.63305504119091849 0.69457974882331275 0.74736287156020065 0.7920522638091253 0.82954516314896765 0.8572927749298872 0.87656724835869471 0.88944037743692539 0.90110058020757966 0.91276008420949362 0.9244176793361456 0.93607389617588899 0.94772872941558939 0.95938292315874196 0.97103678939536675 0.98268971275760475 
	
	-1 
	none F F 1 F 0 } F 0 F 1 
	full nubs 3 1 open open none none 28 2 
	0 3 0.11290091614798541 3 0.1633604059700644 3 0.21049056048192791 3 0.24917437909592902 3 
	0.28662114741865324 3 0.32650116329415496 3 0.37750722378665991 3 0.43521180866709064 3 0.49854781060482772 3 
	0.56610402962875328 3 0.63305504119091849 3 0.69457974882331275 3 0.74736287156020065 3 0.7920522638091253 3 
	0.82954516314896765 3 0.8572927749298872 3 0.87656724835869471 3 0.88944037743692539 3 0.90110058020757966 3 
	0.91276008420949362 3 0.9244176793361456 3 0.93607389617588899 3 0.94772872941558939 3 0.95938292315874196 3 
	0.97103678939536675 3 0.98268971275760475 3 1 3 
	0 1 1 1 
	26.975000381469727 -0.1289999932050705 -0.27099999785423279 
	27.016685485839844 1.7645893096923828 -3.0890886783599849 
	26.765476437417426 3.5533441862901785 -6.0814836592141432 
	26.454339330916227 5.2662724003510677 -9.1630407004612806 
	26.315280940653132 6.0318417750943549 -10.540299640992389 
	26.164251810802618 6.7822646348309572 -11.935368866726435 
	26.046575914073252 7.5446041147290916 -13.37658549356224 
	25.936664315388192 8.256644161205573 -14.722710128340395 
	25.855849833388206 8.9790801799727316 -16.109093418394757 
	25.778684483135613 9.7090966346002467 -17.43753591292419 
	25.715348166007566 10.308284657820892 -18.527904256286448 
	25.654470237249335 10.912579554853526 -19.579238388850953 
	25.670063205795902 11.51149104361097 -20.847486755650575 
	25.685157534679334 12.091250244456788 -22.075178448683943 
	25.771910113473012 12.665964838410982 -23.506133016271455 
	25.977465826631366 13.264787161415237 -25.107197124264193 
	26.196378311506074 13.902520264101231 -26.812296520136471 
	26.550034926857922 14.567595869205192 -28.710330742436874 
	26.976448427425982 15.298459185078595 -30.576180822811331 
	27.521826164302862 16.233224572774734 -32.962580626829151 
	28.186220357870745 17.275606170350152 -35.2963332824392 
	28.943481609434933 18.433551594905815 -37.553431801350342 
	29.800192473705035 19.743567686973879 -40.106950575597587 
	30.77576417011246 21.201494275360162 -42.562359485363473 
	31.79998232711716 22.800298069847621 -44.840923429055778 
	32.924154406530462 24.555129864158985 -47.341853479102724 
	34.106931111536532 26.479677107790756 -49.629737545999816 
	35.273373482379142 28.53607311729268 -51.685995064726711 
	36.517538473420018 30.729491314961784 -53.879265543675899 
	37.743119823095135 33.072914413652853 -55.809013514825907 
	38.925496743391356 35.529694639007523 -57.505997115315651 
	40.097281251247743 37.964465614203235 -59.187778160772837 
	41.226631962558329 40.510571776994603 -60.640946629008084 
	42.410445882759369 43.203037654532721 -61.915269865466414 
	43.49831302071739 45.677282211269826 -63.086310641743054 
	44.632172768771682 48.275123328534335 -64.106321774701513 
	45.751121363668233 50.970177650503146 -64.92143403424717 
	46.711086933493974 53.282311889466357 -65.620733097917764 
	47.66007756029618 55.665997226555838 -66.169221997042115 
	48.562047564535575 58.069302400681067 -66.565671146212097 
	49.325710061677839 60.104086287108728 -66.901329034858165 
	50.055666566957662 62.152934344349646 -67.127999626113947 
	50.719819401970909 64.237005441091711 -67.230101660166284 
	51.277021326998678 65.9854711040837 -67.315761837950632 
	51.787906374645218 67.758729019467665 -67.313742611741603 
	52.218403911458807 69.444382821547492 -67.313099713055323 
	52.537004999517428 70.691895500499967 -67.312623918878955 
	52.811576790847823 71.891426254656963 -67.312901957384639 
	52.984073119202627 73.041576001677981 -67.312982555231827 
	53.103895175374248 73.840510732102231 -67.313038541349727 
	53.174463948601186 74.615618220938146 -67.312999258728865 
	53.240566095124009 75.38898887497858 -67.31299359140921 
	53.284714718311008 75.905511429618031 -67.31298980629218 
	53.326870912464287 76.421259234025939 -67.313001015959031 
	53.366005666663305 76.937012953080441 -67.313004919790899 
	53.401453083260087 77.404171551999809 -67.313008455797643 
	53.434421606031449 77.871335003499809 -67.313005997844698 
	53.465998194642658 78.339006151985842 -67.31300476890506 
	53.497572890942607 78.806649274031358 -67.313003540039063 
	53.527755819908144 79.274800032214557 -67.313003540039063 
	53.555992617266 79.742890983903052 -67.313004811897855 
	53.584224791740766 80.21090530049301 -67.313006083548402 
	53.610511471790772 80.678859830169486 -67.313008626641334 
	53.634995235380643 81.146877408825844 -67.313008626321135 
	53.659476104235324 81.614839653385019 -67.313008626000993 
	53.682154482925213 82.082864932016278 -67.313006082869094 
	53.703001351200733 82.551079577742541 -67.313003539613504 
	53.723845744940277 83.019238646104981 -67.313000996659781 
	53.742859063042445 83.487587036609114 -67.312998453582395 
	53.759992236543681 83.955891403420253 -67.312998453737649 
	53.77712446995379 84.424170074537628 -67.312998453892888 
	53.792376765083041 84.892404726793018 -67.313000997001723 
	53.805997960473434 85.360961177725471 -67.31300226853827 
	53.819618773080556 85.829504461269451 -67.313003540039063 
	53.831608577621964 86.298369525404354 -67.313003540039063 
	53.842002815599344 86.767114580710967 -67.313004634597633 
	53.852396212614543 87.235821711461227 -67.313005729067669 
	53.861194301238918 87.704408852801436 -67.31300791791918 
	53.867996973525784 88.172812749211246 -67.31300675612124 
	53.878102267076677 88.868621495245407 -67.313005030283421 
	53.883804321289063 89.56402587890625 -67.312995910644531 
	53.887001037597656 90.261001586914062 -67.313003540039063 
	66.5 -0.1289999932050705 -0.27099999785423279 
	66.509529113769531 4.9677391052246094 -2.8423666954040527 
	65.93040242194229 9.894300899191526 -5.5674045339894098 
	64.899039331841607 14.504766194053161 -8.5210297509557922 
	64.438085983335668 16.565349354566962 -9.8411113469137756 
	63.886797584283556 18.562791659251477 -11.206853691230583 
	63.270043434982441 20.471491691396707 -12.595049978508127 
	62.693982946561178 22.254255008049228 -13.891652574826058 
	62.060810616329775 23.959600215051164 -15.207843826792324 
	61.358622159665394 25.612046385357271 -16.6127726267406 
	60.782274995693911 26.968352737067441 -17.76591993605199 
	60.159432266668098 28.289021467121302 -18.978848960858041 
	59.593094646043099 29.482655030076202 -20.113083086626517 
	59.044867650057981 30.638117988379456 -21.211046112334813 
	58.549589649333797 31.67454065721045 -22.235266852537826 
	58.123712108850555 32.585763456382438 -23.138202798940974 
	57.670161539970493 33.556196455671341 -24.099810475384096 
	57.295323580146473 34.384630275702321 -24.923859373028549 
	56.944558254720036 35.197889491737541 -25.740511600401305 
	56.495933623696125 36.238038244402937 -26.784999973744753 
	56.086687254134397 37.253364224709429 -27.817388798235438 
	55.716339823929673 38.261820851055674 -28.844046746256986 
	55.297355402958004 39.402716078629282 -30.005533638848576 
	54.928157853682208 40.534819199016816 -31.159685565084025 
	54.6022121745494 41.708126262280047 -32.343031459305138 
	54.244457306232981 42.995936903087596 -33.641860625214598 
	53.938808174383198 44.333386132510398 -34.975859905092491 
	53.6954985896963 45.754462650354967 -36.335189595474134 
	53.4359767523393 47.270228621557905 -37.785094412317832 
	53.24737888260691 48.881137714045707 -39.263817744794849 
	53.134600192797706 50.592319470683165 -40.700118541877167 
	53.022831839351099 52.288171477039903 -42.123552130399176 
	52.985530287141827 54.082507594651041 -43.505319869799351 
	52.990953060217862 55.877054902183296 -44.740536133278013 
	52.99593632365594 57.526156175670479 -45.875639512600962 
	53.036999048339581 59.175435792958844 -46.886984394611616 
	53.094554700275296 60.842526259253368 -47.796099602409555 
	53.143932700711737 62.272752327480774 -48.576045439485014 
	53.205449865367612 63.716087579885667 -49.28074794440964 
	53.275442654672702 65.213037291169627 -49.922245305284832 
	53.334702794157877 66.480445685287464 -50.465375868622388 
	53.400038551529107 67.786286758859376 -50.963198821067529 
	53.46854080833775 69.098061784408131 -51.398880305617723 
	53.526011901360732 70.198596978878172 -51.764402440120826 
	53.585711781403894 71.303308872383155 -52.086185392035475 
	53.654514119533793 72.527911274361855 -52.396649742574937 
	53.705433109573576 73.434210670631202 -52.626417096454404 
	53.761337635599048 74.406175674876081 -52.849985103528219 
	53.825989549237086 75.441880175276154 -53.057374039456747 
	53.870899057175166 76.161317185951944 -53.201433736072936 
	53.920029340062968 76.911509672501836 -53.33768673413816 
	53.964624869626654 77.664731783761397 -53.465880214194954 
	53.994409548855664 78.167797431631669 -53.551498699278554 
	54.022171409796449 78.672214504779404 -53.633522073612681 
	54.048007443013738 79.17702120413972 -53.715007394003592 
	54.071409164869564 79.63426422864103 -53.788815040366458 
	54.093230871062374 80.091826915961121 -53.862181248667419 
	54.112998955312278 80.549013219640642 -53.935998232101255 
	54.132765854907021 81.006172125211947 -54.00981079185555 
	54.150479378689042 81.462954692252936 -54.08407407271654 
	54.166993913198951 81.919893020919972 -54.158983874527898 
	54.1835057439758 82.376756540378011 -54.233881412226864 
	54.198818978041587 82.8337757704642 -54.30942525919879 
	54.212000440538674 83.290880211419847 -54.384983690101258 
	54.225180344580764 83.747930608547392 -54.460533187669277 
	54.236228981106507 84.205066196396473 -54.536097265719484 
	54.245999395231323 84.662076495654247 -54.612009031852565 
	54.255768649602032 85.119032547510983 -54.687911787212734 
	54.264259985005388 85.575863340518339 -54.764162148119098 
	54.27099671634236 86.032888794555276 -54.839977621583792 
	54.277733078037286 86.489889171768354 -54.915788935080478 
	54.282715028209566 86.947084188649669 -54.991165408858436 
	54.286001380202734 87.40396106686751 -55.066997281809691 
	54.28928763984274 87.860825105916604 -55.142827023731208 
	54.290878396601812 88.317371024182691 -55.2191121392311 
	54.291003325671426 88.774111812899235 -55.295017614205676 
	54.29112824463347 89.230815648283539 -55.370916947928357 
	54.289787573086649 89.687714322586999 -55.446436702554081 
	54.287001040912145 90.144819820433611 -55.521969210020487 
	54.282861678552052 90.8238449218467 -55.634171904549376 
	54.275531768798828 91.503326416015625 -55.746402740478516 
	54.263999938964844 92.180999755859375 -55.860000610351563 
	0 
	0 
	0 
	26 0.11290091614798541 0.1633604059700644 0.21049056048192791 0.24917437909592902 0.28662114741865324 0.32650116329415496 0.37750722378665991 0.43521180866709064 0.49854781060482772 0.56610402962875328 0.63305504119091849 0.69457974882331275 0.74736287156020065 0.7920522638091253 0.82954516314896765 0.8572927749298872 0.87656724835869471 0.88944037743692539 0.90110058020757966 0.91276008420949362 0.9244176793361456 0.93607389617588899 0.94772872941558939 0.95938292315874196 0.97103678939536675 0.98268971275760475 
	0 
	0 
	0 
	} I I I I #
loop $-1 -1 -1 $-1 $-1 $173 $87 T 23.832769393920898 0.1289999932050705 -67.3363037109375 66.5 92.191001892089844 0.27099999785423279 periphery $111 F #
spline-surface $-1 -1 -1 $-1 forward { rulesur 
	intcurve forward { exactcur full nubs 3 open 28 
	0 3 0.1118934856188623 1 0.16272195169553791 1 0.21059083872478643 1 0.24998833381581309 1 
	0.28801809427657638 1 0.32835435829959508 1 0.37982736310316606 1 0.43790207804277576 1 0.5014390422590087 1 
	0.56897709969614674 1 0.63576174425768361 1 0.69704999305379811 1 0.74960280326892548 1 0.7941580883145124 1 
	0.83139292867629067 1 0.8589001043579807 1 0.87786572639069893 1 0.89058550497783306 1 0.9021079591204596 1 
	0.91363600994856686 1 0.92516611678594673 1 0.9366987176577144 1 0.94823389951194825 1 0.95976932971364504 1 
	0.97130950268909944 1 0.98285100715031859 1 1 3 
	26.975000381469727 0.1289999932050705 0.27099999785423279 
	26.965080261230469 2.4820437431335449 -1.6987227201461792 
	26.491647720336914 5.7904987335205078 -5.0453476905822754 
	25.272970199584961 9.4846668243408203 -10.265493392944336 
	24.565946578979492 11.632611274719238 -14.284675598144531 
	23.965841293334961 13.609582901000977 -17.646579742431641 
	23.832769393920898 15.347049713134766 -22.167217254638672 
	24.576271057128906 17.345735549926758 -28.459928512573242 
	26.128499984741211 20.185625076293945 -35.517604827880859 
	28.703628540039063 24.293081283569336 -43.181068420410156 
	31.966457366943359 29.759380340576172 -50.391902923583984 
	35.424407958984375 36.380603790283203 -56.435478210449219 
	38.722763061523438 43.600906372070313 -61.068126678466797 
	42.195892333984375 51.069656372070312 -64.408554077148438 
	45.241336822509766 58.089897155761719 -66.326492309570313 
	47.646736145019531 64.25286865234375 -67.201553344726563 
	49.276405334472656 69.235626220703125 -67.3363037109375 
	50.243831634521484 72.968849182128906 -67.309471130371094 
	50.519512176513672 75.33099365234375 -67.315193176269531 
	50.703750610351562 77.055458068847656 -67.312583923339844 
	50.846668243408203 78.484916687011719 -67.313102722167969 
	50.974803924560547 79.86724853515625 -67.312980651855469 
	51.092384338378906 81.250907897949219 -67.313003540039063 
	51.2017822265625 82.636932373046875 -67.312995910644531 
	51.300468444824219 84.023086547851563 -67.313011169433594 
	51.3905029296875 85.411079406738281 -67.312995910644531 
	51.471553802490234 86.799263000488281 -67.313003540039063 
	51.555076599121094 88.413581848144531 -67.313003540039063 
	51.605754852294922 89.566993713378906 -67.312995910644531 
	51.631999969482422 90.254997253417969 -67.313003540039063 
	0 
	null_surface 
	null_surface 
	nullbs 
	nullbs 
	-1 
	-1 
	I I 
	0 
	0 
	26 0.1118934856188623 0.16272195169553791 0.21059083872478643 0.24998833381581309 0.28801809427657638 0.32835435829959508 0.37982736310316606 0.43790207804277576 0.5014390422590087 0.56897709969614674 0.63576174425768361 0.69704999305379811 0.74960280326892548 0.7941580883145124 0.83139292867629067 0.8589001043579807 0.87786572639069893 0.89058550497783306 0.9021079591204596 0.91363600994856686 0.92516611678594673 0.9366987176577144 0.94823389951194825 0.95976932971364504 0.97130950268909944 0.98285100715031859 
	
	-1 
	none F F 1 F 0 } F 0 F 1 
	
	intcurve forward { exactcur full nubs 3 open 28 
	0 3 0.1118934856188623 1 0.16272195169553791 1 0.21059083872478643 1 0.24998833381581309 1 
	0.28801809427657638 1 0.32835435829959508 1 0.37982736310316606 1 0.43790207804277576 1 0.5014390422590087 1 
	0.56897709969614674 1 0.63576174425768361 1 0.69704999305379811 1 0.74960280326892548 1 0.7941580883145124 1 
	0.83139292867629067 1 0.8589001043579807 1 0.87786572639069893 1 0.89058550497783306 1 0.9021079591204596 1 
	0.91363600994856686 1 0.92516611678594673 1 0.9366987176577144 1 0.94823389951194825 1 0.95976932971364504 1 
	0.97130950268909944 1 0.98285100715031859 1 1 3 
	66.5 0.1289999932050705 0.27099999785423279 
	66.491340637207031 5.4788742065429687 -1.9923396110534668 
	65.527671813964844 12.928095817565918 -5.6086921691894531 
	63.048255920410156 21.410001754760742 -11.114825248718262 
	61.136421203613281 26.339822769165039 -14.971095085144043 
	59.057723999023437 30.564212799072266 -18.882795333862305 
	57.363513946533203 33.74224853515625 -22.125171661376953 
	56.034236907958984 36.369064331054688 -24.849298477172852 
	54.703094482421875 39.255172729492188 -27.939517974853516 
	53.476970672607422 42.545722961425781 -31.474264144897461 
	52.446758270263672 46.424705505371094 -35.561172485351563 
	51.798835754394531 51.024723052978516 -40.027450561523438 
	51.659770965576172 56.165859222412109 -44.235275268554688 
	51.806312561035156 60.914661407470703 -47.337787628173828 
	52.036380767822266 65.210617065429688 -49.567844390869141 
	52.270214080810547 69.023040771484375 -51.128646850585938 
	52.497379302978516 72.394500732421875 -52.183300018310547 
	52.691333770751953 75.19036865234375 -52.865242004394531 
	52.881217956542969 77.510948181152344 -53.323047637939453 
	53.007781982421875 79.2113037109375 -53.612239837646484 
	53.105884552001953 80.619842529296875 -53.840122222900391 
	53.189388275146484 81.982391357421875 -54.065654754638672 
	53.264728546142578 83.345413208007813 -54.293743133544922 
	53.329765319824219 84.707733154296875 -54.523662567138672 
	53.384181976318359 86.071403503417969 -54.755561828613281 
	53.43157958984375 87.434967041015625 -54.984481811523437 
	53.469509124755859 88.799369812011719 -55.216606140136719 
	53.50311279296875 90.385284423828125 -55.482624053955078 
	53.518234252929687 91.514350891113281 -55.675052642822266 
	53.522998809814453 92.191001892089844 -55.78900146484375 
	0 
	null_surface 
	null_surface 
	nullbs 
	nullbs 
	-1 
	-1 
	I I 
	0 
	0 
	26 0.1118934856188623 0.16272195169553791 0.21059083872478643 0.24998833381581309 0.28801809427657638 0.32835435829959508 0.37982736310316606 0.43790207804277576 0.5014390422590087 0.56897709969614674 0.63576174425768361 0.69704999305379811 0.74960280326892548 0.7941580883145124 0.83139292867629067 0.8589001043579807 0.87786572639069893 0.89058550497783306 0.9021079591204596 0.91363600994856686 0.92516611678594673 0.9366987176577144 0.94823389951194825 0.95976932971364504 0.97130950268909944 0.98285100715031859 
	
	-1 
	none F F 1 F 0 } F 0 F 1 
	full nubs 3 1 open open none none 28 2 
	0 3 0.1118934856188623 3 0.16272195169553791 3 0.21059083872478643 3 0.24998833381581309 3 
	0.28801809427657638 3 0.32835435829959508 3 0.37982736310316606 3 0.43790207804277576 3 0.5014390422590087 3 
	0.56897709969614674 3 0.63576174425768361 3 0.69704999305379811 3 0.74960280326892548 3 0.7941580883145124 3 
	0.83139292867629067 3 0.8589001043579807 3 0.87786572639069893 3 0.89058550497783306 3 0.9021079591204596 3 
	0.91363600994856686 3 0.92516611678594673 3 0.9366987176577144 3 0.94823389951194825 3 0.95976932971364504 3 
	0.97130950268909944 3 0.98285100715031859 3 1 3 
	0 1 1 1 
	26.975000381469727 0.1289999932050705 0.27099999785423279 
	26.965080261230469 2.4820437431335449 -1.698722720146179 
	26.639530962847594 4.7570567762870066 -3.9999828089009113 
	26.092582026385458 6.8173992973734698 -6.6260589794971718 
	25.844126315949062 7.7533255433042854 -7.8189740345038867 
	25.549984797747033 8.6449545363925662 -9.078914876919006 
	25.273305602255867 9.4845503116657071 -10.451843428145569 
	25.012736551591807 10.275259109687594 -11.744830739994676 
	24.767655476782235 11.01981773430496 -13.13803100374602 
	24.531248571813492 11.770265144818612 -14.471551306791891 
	24.336678769672485 12.387905328383358 -15.569077546767618 
	24.147984652214021 13.009534441116482 -16.626177943417005 
	24.03265156678842 13.610625107073204 -17.914933307906573 
	23.921322417516301 14.19084813873344 -19.158947875097283 
	23.878349071635952 14.751934007366975 -20.618812206087867 
	23.961910782840739 15.324825766975541 -22.264669491948293 
	24.050540508732627 15.932463390568376 -24.010347961187399 
	24.281519433585334 16.553382385838184 -25.965264476767011 
	24.594547394592571 17.237278622836321 -27.895762506551019 
	24.994001586269384 18.109996886284332 -30.359266174209726 
	25.527066461111922 19.085268850367754 -32.78300617465267 
	26.169489876339149 20.176236037920503 -35.138741513606917 
	26.894307804731454 21.407126067895952 -37.79661351476588 
	27.758334900374646 22.785291616156613 -40.367918227611391 
	28.688148440514112 24.306793530097231 -42.768568691750829 
	29.705416104919234 25.971401143952953 -45.395013656557332 
	30.80142735057489 27.807576302513336 -47.81719273039451 
	31.904423921757562 29.78434522312353 -50.005991115712462 
	33.076879148355715 31.885596589898952 -52.332624011845553 
	34.257227170606924 34.145706384912572 -54.395557517488044 
	35.416691718164209 36.522881287789673 -56.225475508333638 
	36.563221994999452 38.873537894948079 -58.034980063733876 
	37.689332124651102 41.338662365700586 -59.61663886176138 
	38.897856904817317 43.958334058174628 -61.017577301023621 
	40.006919742380951 46.362406004751328 -62.303218097306221 
	41.185389953105343 48.896633410606348 -63.436661131416074 
	42.363807775684677 51.528903985566814 -64.359421965231363 
	43.374265235321886 53.78599598408271 -65.150661328828932 
	44.384684176359812 56.115174626220231 -65.786995737511006 
	45.357510071990852 58.488555291793169 -66.26421041164005 
	46.182290609932338 60.500753148452176 -66.668802206954439 
	46.980049360448596 62.544723309485839 -66.959019133308004 
	47.705127094664086 64.58175438080238 -67.121063876835848 
	48.311074372428564 66.284100728151515 -67.256484627719857 
	48.866261659828773 67.981600856431285 -67.302390686923161 
	49.349640613778263 69.657886011814171 -67.315030441902621 
	49.706736002879744 70.896238850545785 -67.324368039631423 
	50.024642060273337 72.1230136373985 -67.315550582531969 
	50.230208452086607 73.273391580566283 -67.313526064903897 
	50.371942177674256 74.066553100213639 -67.31213020236325 
	50.460271716408364 74.823396981793479 -67.313963576859578 
	50.544135956938305 75.580295441857132 -67.314014033076148 
	50.600381650808977 76.087928716860915 -67.314047872825881 
	50.65461882825138 76.595586541575898 -67.3132797458331 
	50.707063540759236 77.103586622296604 -67.313011448507709 
	50.754571584295952 77.563768188701829 -67.312768406256069 
	50.800608733271964 78.024230609972037 -67.312935523625896 
	50.844975477873888 78.484762172971955 -67.312998770279876 
	50.889363772287354 78.945517425324866 -67.313062047654 
	50.932080039235295 79.406341886590837 -67.313021353383618 
	50.973031323203074 79.867319956048135 -67.313004818062808 
	51.013989910766313 80.328380240200659 -67.312988279792961 
	51.053182885729527 80.789594187340938 -67.312995909090873 
	51.09100851359122 81.251154665379559 -67.312998453002265 
	51.128842323373334 81.712814981842968 -67.313000997463917 
	51.165308194458461 82.174821979134521 -67.31299845433881 
	51.199986461430562 82.636815053603485 -67.312999725083358 
	51.234672489357877 83.09891152157735 -67.313000996112294 
	51.267570112955269 83.560994060496128 -67.313006082718189 
	51.299022416181508 84.023332450700792 -67.31300608332937 
	51.330475396562193 84.485680794850524 -67.31300608394055 
	51.360482994336827 84.948285001303006 -67.313000998338012 
	51.388991359145798 85.410878743176056 -67.312999725921259 
	51.417511445123559 85.873662679729406 -67.312998452981375 
	51.444531065067721 86.336436143096591 -67.313000996363499 
	51.470020225839306 86.799356651427971 -67.313002268127917 
	51.49551232750742 87.262330570749668 -67.313003540039063 
	51.519473616818956 87.725451568969135 -67.313003540039063 
	51.541996916000222 88.188922206794899 -67.313002305403529 
	51.575463254631259 88.877571999446928 -67.313000470915156 
	51.605754852294922 89.566993713378906 -67.312995910644531 
	51.631999969482422 90.254997253417969 -67.313003540039063 
	66.5 0.1289999932050705 0.27099999785423279 
	66.491340637207031 5.4788742065429687 -1.9923396110534668 
	65.828687181473242 10.601227782809538 -4.4790741219179946 
	64.715812528905502 15.300236682424028 -7.2675748764408468 
	64.210280761682625 17.434797180982574 -8.5342725328963382 
	63.611845865850285 19.482000519954401 -9.8632396434373693 
	62.95920656601605 21.409371194578132 -11.238765849839048 
	62.344568365691764 23.224517237897096 -12.534199563708842 
	61.681854287130164 24.933379286656312 -13.870928251015805 
	60.947038336614554 26.590157235526917 -15.294172636728161 
	60.342263302142612 27.953733979387046 -16.465544422856652 
	59.688648105165655 29.282030142680412 -17.695519968566455 
	59.079210448975999 30.475438838035302 -18.85158937072466 
	58.490930203566677 31.62741681813981 -19.967524339141161 
	57.943813382508253 32.653710344483031 -21.014595584160308 
	57.473261001394718 33.555333970650622 -21.940745557264719 
	56.974169635809105 34.511641036323823 -22.923066491907321 
	56.56121160707184 35.327697164167326 -23.769353614332935 
	56.17229716251363 36.126462061115497 -24.609200835889439 
